"Datum";"Zählerstand morgens";"Zählerstand abends";"Produktion";"Eigen verbrauch";"eingespeist"
01.01.2013;8040;8041;3,90;2,90;1,00
02.01.2013;8041;8053;19,90;7,90;12,00
03.01.2013;8053;8053;2,00;2,00;0,00
04.01.2013;8053;8054;2,10;1,10;1,00
05.01.2013;8054;8054;0,40;0,40;0,00
06.01.2013;8054;8054;1,20;1,20;0,00
07.01.2013;8054;8056;7,00;5,00;2,00
08.01.2013;8056;8063;11,10;4,10;7,00
09.01.2013;8063;8071;16,20;8,20;8,00
10.01.2013;8071;8072;3,20;2,20;1,00
11.01.2013;8072;8074;4,50;2,50;2,00
12.01.2013;8074;8074;0,10;0,10;0,00
13.01.2013;8074;8074;0,40;0,40;0,00
14.01.2013;8074;8074;0,10;0,10;0,00
15.01.2013;8074;8081;12,10;5,10;7,00
16.01.2013;8081;8081;0,00;0,00;0,00
17.01.2013;8081;8081;0,00;0,00;0,00
18.01.2013;8081;8081;0,50;0,50;0,00
19.01.2013;8081;8081;2,00;2,00;0,00
20.01.2013;8081;8081;3,50;3,50;0,00
21.01.2013;8081;8081;0,20;0,20;0,00
22.01.2013;8081;8082;4,00;3,00;1,00
23.01.2013;8082;8102;31,30;11,30;20,00
24.01.2013;8102;8102;2,40;2,40;0,00
25.01.2013;8102;8103;3,80;2,80;1,00
26.01.2013;8103;8106;8,70;5,70;3,00
27.01.2013;8106;8111;13,20;8,20;5,00
28.01.2013;8111;8122;17,60;6,60;11,00
29.01.2013;8122;8123;3,60;2,60;1,00
30.01.2013;8123;8124;5,80;4,80;1,00
31.01.2013;8124;8129;14,80;9,80;5,00
01.02.2013;8129;8129;2,90;2,90;0,00
02.02.2013;8129;8130;2,80;1,80;1,00
03.02.2013;8130;8131;7,10;6,10;1,00
04.02.2013;8131;8131;2,70;2,70;0,00
05.02.2013;8131;8136;8,50;3,50;5,00
06.02.2013;8136;8136;0,00;0,00;0,00
07.02.2013;8136;8136;0,00;0,00;0,00
08.02.2013;8136;8137;1,30;0,30;1,00
09.02.2013;8137;8137;0,20;0,20;0,00
10.02.2013;8137;8148;17,20;6,20;11,00
11.02.2013;8148;8162;23,10;9,10;14,00
12.02.2013;8162;8164;5,30;3,30;2,00
13.02.2013;8164;8187;31,00;8,00;23,00
14.02.2013;8187;8216;38,80;9,80;29,00
15.02.2013;8216;8216;0,80;0,80;0,00
16.02.2013;8216;8220;8,60;4,60;4,00
17.02.2013;8220;8223;10,70;7,70;3,00
18.02.2013;8223;8242;26,70;7,70;19,00
19.02.2013;8242;8247;11,80;6,80;5,00
20.02.2013;8247;8257;15,20;5,20;10,00
21.02.2013;8257;8263;10,20;4,20;6,00
22.02.2013;8263;8268;11,30;6,30;5,00
23.02.2013;8268;8271;5,30;2,30;3,00
24.02.2013;8271;8271;2,60;2,60;0,00
25.02.2013;8271;8271;3,00;3,00;0,00
26.02.2013;8271;8271;3,60;3,60;0,00
27.02.2013;8271;8271;0,90;0,90;0,00
28.02.2013;8271;8273;4,70;2,70;2,00
01.03.2013;8273;8273;5,80;5,80;0,00
02.03.2013;8273;8290;21,80;4,80;17,00
03.03.2013;8290;8331;51,00;10,00;41,00
04.03.2013;8331;8375;53,80;9,80;44,00
05.03.2013;8375;8411;48,70;12,70;36,00
06.03.2013;8411;8441;39,80;9,80;30,00
07.03.2013;8441;8474;38,90;5,90;33,00
08.03.2013;8474;8510;43,90;7,90;36,00
09.03.2013;8510;8541;39,10;8,10;31,00
10.03.2013;8541;8555;19,30;5,30;14,00
11.03.2013;8555;8555;3,90;3,90;0,00
12.03.2013;8555;8565;15,80;5,80;10,00
13.03.2013;8565;8565;3,50;3,50;0,00
14.03.2013;8565;8584;25,30;6,30;19,00
15.03.2013;8584;8611;37,60;10,60;27,00
16.03.2013;8611;8652;51,20;10,20;41,00
17.03.2013;8652;8656;10,70;6,70;4,00
18.03.2013;8656;8659;6,60;3,60;3,00
19.03.2013;8659;8683;32,70;8,70;24,00
20.03.2013;8683;8695;17,70;5,70;12,00
21.03.2013;8695;8716;26,90;5,90;21,00
22.03.2013;8716;8762;57,50;11,50;46,00
23.03.2013;8762;8772;17,50;7,50;10,00
24.03.2013;8772;8795;35,40;12,40;23,00
25.03.2013;8795;8795;0,00;0,00;0,00
26.03.2013;8795;8795;0,00;0,00;0,00
27.03.2013;8795;8801;8,10;2,10;6,00
28.03.2013;8801;8815;19,30;5,30;14,00
29.03.2013;8815;8862;53,50;6,50;47,00
30.03.2013;8862;8866;8,30;4,30;4,00
31.03.2013;8866;8876;13,90;3,90;10,00
01.04.2013;8876;8929;61,00;8,00;53,00
02.04.2013;8929;8936;11,10;4,10;7,00
03.04.2013;8936;8954;23,90;5,90;18,00
04.04.2013;8954;8991;44,10;7,10;37,00
05.04.2013;8991;8995;10,20;6,20;4,00
06.04.2013;8995;8998;8,50;5,50;3,00
07.04.2013;8998;9016;27,40;9,40;18,00
08.04.2013;9016;9035;27,60;8,60;19,00
09.04.2013;9035;9053;27,70;9,70;18,00
10.04.2013;9053;9072;27,20;8,20;19,00
11.04.2013;9072;9081;14,80;5,80;9,00
12.04.2013;9081;9119;46,70;8,70;38,00
13.04.2013;9119;9161;47,40;5,40;42,00
14.04.2013;9161;9210;54,60;5,60;49,00
15.04.2013;9210;9248;53,10;15,10;38,00
16.04.2013;9248;9279;41,10;10,10;31,00
17.04.2013;9279;9323;51,20;7,20;44,00
18.04.2013;9323;9354;38,80;7,80;31,00
19.04.2013;9354;9360;11,50;5,50;6,00
20.04.2013;9360;9360;3,40;3,40;0,00
21.04.2013;9360;9364;8,40;4,40;4,00
22.04.2013;9364;9372;14,30;6,30;8,00
23.04.2013;9372;9415;51,30;8,30;43,00
24.04.2013;9415;9466;59,30;8,30;51,00
25.04.2013;9466;9509;59,70;16,70;43,00
26.04.2013;9509;9535;33,60;7,60;26,00
27.04.2013;9535;9536;5,10;4,10;1,00
28.04.2013;9536;9546;15,70;5,70;10,00
29.04.2013;9546;9553;13,90;6,90;7,00
30.04.2013;9553;9560;12,50;5,50;7,00
01.05.2013;9560;9587;34,00;7,00;27,00
02.05.2013;9587;9607;29,60;9,60;20,00
03.05.2013;9607;9608;5,90;4,90;1,00
04.05.2013;9608;9622;20,00;6,00;14,00
05.05.2013;9622;9665;53,40;10,40;43,00
06.05.2013;9665;9694;38,30;9,30;29,00
07.05.2013;9694;9720;38,80;12,80;26,00
08.05.2013;9720;9763;51,10;8,10;43,00
09.05.2013;9763;9783;28,00;8,00;20,00
10.05.2013;9783;9798;21,80;6,80;15,00
11.05.2013;9798;9819;29,50;8,50;21,00
12.05.2013;9819;9834;22,80;7,80;15,00
13.05.2013;9834;9852;25,10;7,10;18,00
14.05.2013;9852;9892;56,60;16,60;40,00
15.05.2013;9892;9930;48,90;10,90;38,00
16.05.2013;9930;9939;14,20;5,20;9,00
17.05.2013;9939;9941;6,50;4,50;2,00
18.05.2013;9941;9994;63,50;10,50;53,00
19.05.2013;9994;10003;14,90;5,90;9,00
20.05.2013;10003;10035;43,70;11,70;32,00
21.05.2013;10035;10056;31,80;10,80;21,00
22.05.2013;10056;10062;10,80;4,80;6,00
23.05.2013;10062;10091;35,80;6,80;29,00
24.05.2013;10091;10111;29,80;9,80;20,00
25.05.2013;10111;10132;31,80;10,80;21,00
26.05.2013;10132;10141;17,30;8,30;9,00
27.05.2013;10141;10163;32,70;10,70;22,00
28.05.2013;10163;10214;61,20;10,20;51,00
29.05.2013;10214;10227;24,40;11,40;13,00
30.05.2013;10227;10256;42,70;13,70;29,00
31.05.2013;10256;10258;6,00;4,00;2,00
01.06.2013;10258;10258;2,40;2,40;0,00
02.06.2013;10258;10285;37,10;10,10;27,00
03.06.2013;10285;10296;18,70;7,70;11,00
04.06.2013;10296;10345;65,10;16,10;49,00
05.06.2013;10345;10393;64,30;16,30;48,00
06.06.2013;10393;10445;62,00;10,00;52,00
07.06.2013;10445;10494;59,30;10,30;49,00
08.06.2013;10494;10536;50,00;8,00;42,00
09.06.2013;10536;10565;38,00;9,00;29,00
10.06.2013;10565;10572;13,30;6,30;7,00
11.06.2013;10572;10600;37,60;9,60;28,00
12.06.2013;10600;10630;39,50;9,50;30,00
13.06.2013;10630;10680;59,20;9,20;50,00
14.06.2013;10680;10719;47,20;8,20;39,00
15.06.2013;10719;10767;53,90;5,90;48,00
16.06.2013;10767;10817;60,70;10,70;50,00
17.06.2013;10817;10863;58,20;12,20;46,00
18.06.2013;10863;10913;58,40;8,40;50,00
19.06.2013;10913;10959;56,80;10,80;46,00
20.06.2013;10959;10995;44,60;8,60;36,00
21.06.2013;10995;11039;54,40;10,40;44,00
22.06.2013;11039;11070;37,10;6,10;31,00
23.06.2013;11070;11100;38,50;8,50;30,00
24.06.2013;11100;11117;25,20;8,20;17,00
25.06.2013;11117;11133;22,20;6,20;16,00
26.06.2013;11133;11163;41,80;11,80;30,00
27.06.2013;11163;11183;29,30;9,30;20,00
28.06.2013;11183;11216;46,50;13,50;33,00
29.06.2013;11216;11228;18,10;6,10;12,00
30.06.2013;11228;11271;50,10;7,10;43,00
01.07.2013;11271;11316;55,20;10,20;45,00
02.07.2013;11316;11361;54,80;9,80;45,00
03.07.2013;11361;11371;20,30;10,30;10,00
04.07.2013;11371;11401;37,90;7,90;30,00
05.07.2013;11401;11439;48,30;10,30;38,00
06.07.2013;11439;11476;43,90;6,90;37,00
07.07.2013;11476;11514;45,30;7,30;38,00
08.07.2013;11514;11562;56,80;8,80;48,00
09.07.2013;11562;11613;58,90;7,90;51,00
10.07.2013;11613;11656;50,90;7,90;43,00
11.07.2013;11656;11698;50,10;8,10;42,00
12.07.2013;11698;11748;60,00;10,00;50,00
13.07.2013;11748;11795;55,80;8,80;47,00
14.07.2013;11795;11842;59,40;12,40;47,00
15.07.2013;11842;11895;59,00;6,00;53,00
16.07.2013;11895;11942;60,90;13,90;47,00
17.07.2013;11942;11987;53,90;8,90;45,00
18.07.2013;11987;12023;44,30;8,30;36,00
19.07.2013;12023;12066;52,60;9,60;43,00
20.07.2013;12066;12112;57,70;11,70;46,00
21.07.2013;12112;12166;59,50;5,50;54,00
22.07.2013;12166;12214;58,80;10,80;48,00
23.07.2013;12214;12249;42,40;7,40;35,00
24.07.2013;12249;12270;27,20;6,20;21,00
25.07.2013;12270;12300;38,50;8,50;30,00
26.07.2013;12300;12329;41,60;12,60;29,00
27.07.2013;12329;12375;54,00;8,00;46,00
28.07.2013;12375;12408;43,40;10,40;33,00
29.07.2013;12408;12411;7,30;4,30;3,00
30.07.2013;12411;12449;47,90;9,90;38,00
31.07.2013;12449;12486;47,20;10,20;37,00
01.08.2013;12486;12535;52,70;3,70;49,00
02.08.2013;12535;12582;55,69;8,69;47,00
03.08.2013;12582;12619;44,20;7,20;37,00
04.08.2013;12619;12646;32,40;5,40;27,00
05.08.2013;12646;12694;54,90;6,90;48,00
06.08.2013;12694;12723;35,60;6,60;29,00
07.08.2013;12723;12747;26,70;2,70;24,00
08.08.2013;12747;12760;17,80;4,80;13,00
09.08.2013;12760;12771;16,60;5,60;11,00
10.08.2013;12771;12817;51,10;5,10;46,00
11.08.2013;12817;12863;52,20;6,20;46,00
12.08.2013;12863;12904;48,70;7,70;41,00
13.08.2013;12904;12937;43,40;10,40;33,00
14.08.2013;12937;12971;42,30;8,30;34,00
15.08.2013;12971;13019;56,40;8,40;48,00
16.08.2013;13019;13066;56,40;9,40;47,00
17.08.2013;13066;13110;52,80;8,80;44,00
18.08.2013;13110;13145;42,50;7,50;35,00
19.08.2013;13145;13162;21,30;4,30;17,00
20.08.2013;13162;13191;36,50;7,50;29,00
21.08.2013;13191;13239;56,60;8,60;48,00
22.08.2013;13239;13284;54,00;9,00;45,00
23.08.2013;13284;13310;30,00;4,00;26,00
24.08.2013;13310;13325;25,20;10,20;15,00
25.08.2013;13325;13330;8,80;3,80;5,00
26.08.2013;13330;13345;24,30;9,30;15,00
27.08.2013;13345;13357;16,00;4,00;12,00
28.08.2013;13357;13380;32,30;9,30;23,00
29.08.2013;13380;13428;52,70;4,70;48,00
30.08.2013;13428;13469;50,60;9,60;41,00
31.08.2013;13469;13497;36,30;8,30;28,00
01.09.2013;13497;13513;24,70;8,70;16,00
02.09.2013;13513;13554;46,50;5,50;41,00
03.09.2013;13554;13599;54,00;9,00;45,00
04.09.2013;13599;13644;53,50;8,50;45,00
05.09.2013;13644;13688;53,60;9,60;44,00
06.09.2013;13688;13721;42,00;9,00;33,00
07.09.2013;13721;13752;39,20;8,20;31,00
08.09.2013;13752;13768;20,20;4,20;16,00
09.09.2013;13768;13798;38,60;8,60;30,00
10.09.2013;13798;13812;19,60;5,60;14,00
11.09.2013;13812;13821;13,70;4,70;9,00
12.09.2013;13821;13829;14,10;6,10;8,00
13.09.2013;13829;13844;21,00;6,00;15,00
14.09.2013;13844;13855;16,80;5,80;11,00
15.09.2013;13855;13865;15,50;5,50;10,00
16.09.2013;13865;13872;12,50;5,50;7,00
17.09.2013;13872;13895;27,90;4,90;23,00
18.09.2013;13895;13909;20,60;6,60;14,00
19.09.2013;13909;13930;26,00;5,00;21,00
20.09.2013;13930;13944;19,30;5,30;14,00
21.09.2013;13944;13967;30,80;7,80;23,00
22.09.2013;13967;14003;44,60;8,60;36,00
23.09.2013;14003;14043;46,80;6,80;40,00
24.09.2013;14043;14083;48,20;8,20;40,00
25.09.2013;14083;14110;39,20;12,20;27,00
26.09.2013;14110;14113;6,50;3,50;3,00
27.09.2013;14113;14125;16,90;4,90;12,00
28.09.2013;14125;14157;39,20;7,20;32,00
29.09.2013;14157;14180;30,50;7,50;23,00
30.09.2013;14180;14183;6,80;3,80;3,00
01.10.2013;14183;14216;43,00;10,00;33,00
02.10.2013;14216;14254;45,60;7,60;38,00
03.10.2013;14254;14294;43,80;3,80;40,00
04.10.2013;14294;14314;23,70;3,70;20,00
05.10.2013;14314;14319;7,60;2,60;5,00
06.10.2013;14319;14322;4,90;1,90;3,00
07.10.2013;14322;14330;14,10;6,10;8,00
08.10.2013;14330;14334;7,10;3,10;4,00
09.10.2013;14334;14341;11,60;4,60;7,00
10.10.2013;14341;14342;3,60;2,60;1,00
11.10.2013;14342;14349;12,30;5,30;7,00
12.10.2013;14349;14355;10,80;4,80;6,00
13.10.2013;14355;14380;33,10;8,10;25,00
14.10.2013;14380;14386;10,00;4,00;6,00
15.10.2013;14386;14390;8,40;4,40;4,00
16.10.2013;14390;14402;17,90;5,90;12,00
17.10.2013;14402;14423;25,20;4,20;21,00
18.10.2013;14423;14440;24,70;7,70;17,00
19.10.2013;14440;14474;41,20;7,20;34,00
20.10.2013;14474;14479;7,90;2,90;5,00
21.10.2013;14479;14491;18,10;6,10;12,00
22.10.2013;14491;14506;22,40;7,40;15,00
23.10.2013;14506;14508;5,00;3,00;2,00
24.10.2013;14508;14540;38,00;6,00;32,00
25.10.2013;14540;14552;18,90;6,90;12,00
26.10.2013;14552;14570;23,50;5,50;18,00
27.10.2013;14570;14587;24,40;7,40;17,00
28.10.2013;14587;14612;27,80;2,80;25,00
29.10.2013;14612;14622;16,70;6,70;10,00
30.10.2013;14622;14648;31,00;5,00;26,00
31.10.2013;14648;14676;36,90;8,90;28,00
01.11.2013;14676;14682;10,20;4,20;6,00
02.11.2013;14682;14686;8,30;4,30;4,00
03.11.2013;14686;14698;17,30;5,30;12,00
04.11.2013;14698;14705;9,90;2,90;7,00
05.11.2013;14705;14735;36,70;6,70;30,00
06.11.2013;14735;14736;3,00;2,00;1,00
07.11.2013;14736;14743;10,90;3,90;7,00
08.11.2013;14743;14748;8,50;3,50;5,00
09.11.2013;14748;14765;22,90;5,90;17,00
10.11.2013;14765;14765;1,60;1,60;0,00
11.11.2013;14765;14771;7,70;1,70;6,00
12.11.2013;14771;14775;9,30;5,30;4,00
13.11.2013;14775;14778;5,20;2,20;3,00
14.11.2013;14778;14778;2,20;2,20;0,00
15.11.2013;14778;14779;3,50;2,50;1,00
16.11.2013;14779;14780;2,30;1,30;1,00
17.11.2013;14780;14780;1,50;1,50;0,00
18.11.2013;14780;14802;28,60;6,60;22,00
19.11.2013;14802;14802;1,80;1,80;0,00
20.11.2013;14802;14803;2,00;1,00;1,00
21.11.2013;14803;14803;1,80;1,80;0,00
22.11.2013;14803;14803;0,30;0,30;0,00
23.11.2013;14803;14803;0,20;0,20;0,00
24.11.2013;14803;14803;0,70;0,70;0,00
25.11.2013;14803;14820;26,50;9,50;17,00
26.11.2013;14820;14822;3,10;1,10;2,00
27.11.2013;14822;14847;26,00;1,00;25,00
28.11.2013;14847;14849;4,10;2,10;2,00
29.11.2013;14849;14850;3,60;2,60;1,00
30.11.2013;14850;14853;5,90;2,90;3,00
01.12.2013;14853;14855;5,50;3,50;2,00
02.12.2013;14855;14867;15,80;3,80;12,00
03.12.2013;14867;14882;23,50;8,50;15,00
04.12.2013;14882;14884;4,80;2,80;2,00
05.12.2013;14884;14893;13,00;4,00;9,00
06.12.2013;14893;14896;5,40;2,40;3,00
07.12.2013;14896;14896;2,70;2,70;0,00
08.12.2013;14896;14899;6,30;3,30;3,00
09.12.2013;14899;14910;16,10;5,10;11,00
10.12.2013;14910;14927;23,00;6,00;17,00
11.12.2013;14927;14941;22,60;8,60;14,00
12.12.2013;14941;14958;22,70;5,70;17,00
13.12.2013;14958;14971;20,70;7,70;13,00
14.12.2013;14971;14972;2,70;1,70;1,00
15.12.2013;14972;14981;12,30;3,30;9,00
16.12.2013;14981;14995;23,90;9,90;14,00
17.12.2013;14995;15008;22,40;9,40;13,00
18.12.2013;15008;15009;3,00;2,00;1,00
19.12.2013;15009;15011;3,20;1,20;2,00
20.12.2013;15011;15012;3,10;2,10;1,00
21.12.2013;15012;15021;16,20;7,20;9,00
22.12.2013;15021;15024;5,30;2,30;3,00
23.12.2013;15024;15031;9,60;2,60;7,00
24.12.2013;15031;15043;13,60;1,60;12,00
25.12.2013;15043;15043;0,00;0,00;0,00
26.12.2013;15043;15043;0,00;0,00;0,00
27.12.2013;15043;15065;25,00;3,00;22,00
28.12.2013;15065;15067;4,80;2,80;2,00
29.12.2013;15067;15071;6,50;2,50;4,00
30.12.2013;15071;15092;25,00;4,00;21,00
31.12.2013;15092;15111;23,00;4,00;19,00
