"Datum";"Zählerstand morgens";"Zählerstand abends";"Produktion";"Eigen verbrauch";"eingespeist"
01.01.2017;39573;39591;24,3;6,30;18,00
02.01.2017;39591;39591;1,5;1,50;0,00
03.01.2017;39591;39591;1,3;1,30;0,00
04.01.2017;39591;39591;0,9;0,90;0,00
05.01.2017;39591;39591;0;0,00;0,00
06.01.2017;39591;39591;1,4;1,40;0,00
07.01.2017;39591;39591;0,5;0,50;0,00
08.01.2017;39591;39591;0;0,00;0,00
09.01.2017;39591;39591;0;0,00;0,00
10.01.2017;39591;39591;0;0,00;0,00
11.01.2017;39591;39595;5;1,00;4,00
12.01.2017;39595;39596;3,9;2,90;1,00
13.01.2017;39596;39597;5,8;4,80;1,00
14.01.2017;39597;39599;5,2;3,20;2,00
15.01.2017;39599;39600;5,9;4,90;1,00
16.01.2017;39600;39600;0,8;0,80;0,00
17.01.2017;39600;39600;1,2;1,20;0,00
18.01.2017;39600;39603;8;5,00;3,00
19.01.2017;39603;39624;27,4;6,40;21,00
20.01.2017;39624;39643;30,3;11,30;19,00
21.01.2017;39643;39668;30,2;5,20;25,00
22.01.2017;39668;39693;32,3;7,30;25,00
23.01.2017;39693;39708;26,2;11,20;15,00
24.01.2017;39708;39709;3,4;2,40;1,00
25.01.2017;39709;39711;6,2;4,20;2,00
26.01.2017;39711;39717;11,7;5,70;6,00
27.01.2017;39717;39743;33,3;7,30;26,00
28.01.2017;39743;39765;29,6;7,60;22,00
29.01.2017;39765;39785;27,5;7,50;20,00
30.01.2017;39785;39786;4,8;3,80;1,00
31.01.2017;39786;39786;2,2;2,20;0,00
01.02.2017;39786;39788;7,5;5,50;2,00
02.02.2017;39788;39803;20;5,00;15,00
03.02.2017;39803;39805;6,2;4,20;2,00
04.02.2017;39805;39812;9,7;2,70;7,00
05.02.2017;39812;39817;11,3;6,30;5,00
06.02.2017;39817;39820;7;4,00;3,00
07.02.2017;39820;39831;13,1;2,10;11,00
08.02.2017;39831;39837;14,2;8,20;6,00
09.02.2017;39837;39838;4,2;3,20;1,00
10.02.2017;39838;39847;12,4;3,40;9,00
11.02.2017;39847;39876;41;12,00;29,00
12.02.2017;39876;39902;33,5;7,50;26,00
13.02.2017;39902;39907;9,2;4,20;5,00
14.02.2017;39907;39941;41,9;7,90;34,00
15.02.2017;39941;39973;43,2;11,20;32,00
16.02.2017;39973;40004;41,3;10,30;31,00
17.02.2017;40004;40010;16,9;10,90;6,00
18.02.2017;40010;40016;11,6;5,60;6,00
19.02.2017;40016;40040;32,1;8,10;24,00
20.02.2017;40040;40048;14,2;6,20;8,00
21.02.2017;40048;40050;4,4;2,40;2,00
22.02.2017;40050;40051;4;3,00;1,00
23.02.2017;40051;40081;34,7;4,70;30,00
24.02.2017;40081;40088;10,2;3,20;7,00
25.02.2017;40088;40128;48;8,00;40,00
26.02.2017;40128;40141;18,4;5,40;13,00
27.02.2017;40141;40182;48,3;7,30;41,00
28.02.2017;40182;40190;12,5;4,50;8,00
01.03.2017;40190;40195;8,6;3,60;5,00
02.03.2017;40195;40234;46,4;7,40;39,00
03.03.2017;40234;40249;22,3;7,30;15,00
04.03.2017;40249;40271;28,1;6,10;22,00
05.03.2017;40271;40292;28,1;7,10;21,00
06.03.2017;40292;40312;23,5;3,50;20,00
07.03.2017;40312;40319;11,6;4,60;7,00
08.03.2017;40319;40331;17,6;5,60;12,00
09.03.2017;40331;40333;5,4;3,40;2,00
10.03.2017;40333;40367;42,5;8,50;34,00
11.03.2017;40367;40396;37,9;8,90;29,00
12.03.2017;40396;40442;54,9;8,90;46,00
13.03.2017;40442;40482;46,5;6,50;40,00
14.03.2017;40482;40517;46,6;11,60;35,00
15.03.2017;40517;40547;45,2;15,20;30,00
16.03.2017;40547;40586;51,8;12,80;39,00
17.03.2017;40586;40616;40,2;10,20;30,00
18.03.2017;40616;40621;7,7;2,70;5,00
19.03.2017;40621;40628;10,5;3,50;7,00
20.03.2017;40628;40655;33,7;6,70;27,00
21.03.2017;40655;40669;21,1;7,10;14,00
22.03.2017;40669;40673;9,5;5,50;4,00
23.03.2017;40673;40713;47,7;7,70;40,00
24.03.2017;40713;40719;10,7;4,70;6,00
25.03.2017;40719;40768;59,1;10,10;49,00
26.03.2017;40768;40815;53,8;6,80;47,00
27.03.2017;40815;40868;60,4;7,40;53,00
28.03.2017;40868;40912;54,9;10,90;44,00
29.03.2017;40912;40959;55,3;8,30;47,00
30.03.2017;40959;41004;56,1;11,10;45,00
31.03.2017;41004;41049;50,7;5,70;45,00
01.04.2017;41049;41086;46,9;9,90;37,00
02.04.2017;41086;41115;33,8;4,80;29,00
03.04.2017;41115;41142;34,1;7,10;27,00
04.04.2017;41142;41185;50,5;7,50;43,00
05.04.2017;41185;41220;44,3;9,30;35,00
06.04.2017;41220;41237;22,1;5,10;17,00
07.04.2017;41237;41286;56,6;7,60;49,00
08.04.2017;41286;41337;59;8,00;51,00
09.04.2017;41337;41392;60;5,00;55,00
10.04.2017;41392;41435;53,4;10,40;43,00
11.04.2017;41435;41480;52,8;7,80;45,00
12.04.2017;41480;41527;54,7;7,70;47,00
13.04.2017;41527;41546;26,3;7,30;19,00
14.04.2017;41546;41563;25,4;8,40;17,00
15.04.2017;41563;41586;26;3,00;23,00
16.04.2017;41586;41595;17;8,00;9,00
17.04.2017;41595;41600;11,2;6,20;5,00
18.04.2017;41600;41619;25,6;6,60;19,00
19.04.2017;41619;41640;25,8;4,80;21,00
20.04.2017;41640;41686;54,8;8,80;46,00
21.04.2017;41686;41734;60,7;12,70;48,00
22.04.2017;41734;41740;8,2;2,20;6,00
23.04.2017;41740;41782;48;6,00;42,00
24.04.2017;41782;41838;63,5;7,50;56,00
25.04.2017;41838;41849;19,4;8,40;11,00
26.04.2017;41849;41857;12,7;4,70;8,00
27.04.2017;41857;41866;14,9;5,90;9,00
28.04.2017;41866;41879;19,4;6,40;13,00
29.04.2017;41879;41914;41,1;6,10;35,00
30.04.2017;41914;41971;66,5;9,50;57,00
01.05.2017;41971;41975;10;6,00;4,00
02.05.2017;41975;42006;37,7;6,70;31,00
03.05.2017;42006;42031;30;5,00;25,00
04.05.2017;42031;42049;25;7,00;18,00
05.05.2017;42049;42075;33,1;7,10;26,00
06.05.2017;42075;42119;48,9;4,90;44,00
07.05.2017;42119;42124;12,4;7,40;5,00
08.05.2017;42124;42126;4,4;2,40;2,00
09.05.2017;42126;42158;38,8;6,80;32,00
10.05.2017;42158;42214;65,8;9,80;56,00
11.05.2017;42214;42244;38;8,00;30,00
12.05.2017;42244;42275;39,6;8,60;31,00
13.05.2017;42275;42317;51,8;9,80;42,00
14.05.2017;42317;42357;44;4,00;40,00
15.05.2017;42357;42405;53;5,00;48,00
16.05.2017;42405;42460;61,3;6,30;55,00
17.05.2017;42460;42515;62,5;7,50;55,00
18.05.2017;42515;42546;38,3;7,30;31,00
19.05.2017;42546;42553;11,8;4,80;7,00
20.05.2017;42553;42589;46,3;10,30;36,00
21.05.2017;42589;42639;55;5,00;50,00
22.05.2017;42639;42689;59,7;9,70;50,00
23.05.2017;42689;42739;56,5;6,50;50,00
24.05.2017;42739;42779;47;7,00;40,00
25.05.2017;42779;42830;54,7;3,70;51,00
26.05.2017;42830;42884;63,5;9,50;54,00
27.05.2017;42884;42941;63;6,00;57,00
28.05.2017;42941;42991;60,5;10,50;50,00
29.05.2017;42991;43033;50,7;8,70;42,00
30.05.2017;43033;43074;45,4;4,40;41,00
31.05.2017;43074;43118;55,4;11,40;44,00
01.06.2017;43118;43174;61,7;5,70;56,00
02.06.2017;43174;43207;40,5;7,50;33,00
03.06.2017;43207;43244;45,6;8,60;37,00
04.06.2017;43244;43267;29,4;6,40;23,00
05.06.2017;43267;43284;22,4;5,40;17,00
06.06.2017;43284;43311;32,5;5,50;27,00
07.06.2017;43311;43351;45,2;5,20;40,00
08.06.2017;43351;43400;60,5;11,50;49,00
09.06.2017;43400;43432;40,2;8,20;32,00
10.06.2017;43432;43491;62,8;3,80;59,00
11.06.2017;43491;43544;60,9;7,90;53,00
12.06.2017;43544;43569;28,5;3,50;25,00
13.06.2017;43569;43619;60,2;10,20;50,00
14.06.2017;43619;43674;60,8;5,80;55,00
15.06.2017;43674;43725;58,2;7,20;51,00
16.06.2017;43725;43781;62,3;6,30;56,00
17.06.2017;43781;43826;53,6;8,60;45,00
18.06.2017;43826;43885;63,8;4,80;59,00
19.06.2017;43885;43937;61,9;9,90;52,00
20.06.2017;43937;43988;57;6,00;51,00
21.06.2017;43988;44038;57;7,00;50,00
22.06.2017;44038;44085;50,7;3,70;47,00
23.06.2017;44085;44120;44,9;9,90;35,00
24.06.2017;44120;44171;57;6,00;51,00
25.06.2017;44171;44205;37,7;3,70;34,00
26.06.2017;44205;44259;60,5;6,50;54,00
27.06.2017;44259;44299;49,3;9,30;40,00
28.06.2017;44299;44337;45,5;7,50;38,00
29.06.2017;44337;44374;44,4;7,40;37,00
30.06.2017;44374;44430;61,5;5,50;56,00
01.07.2017;44430;44470;45,1;5,10;40,00
02.07.2017;44470;44484;15,8;1,80;14,00
03.07.2017;44484;44526;49,5;7,50;42,00
04.07.2017;44526;44567;54,1;13,10;41,00
05.07.2017;44567;44617;59;9,00;50,00
06.07.2017;44617;44656;49;10,00;39,00
07.07.2017;44656;44695;46,3;7,30;39,00
08.07.2017;44695;44737;48,3;6,30;42,00
09.07.2017;44737;44764;34;7,00;27,00
10.07.2017;44764;44788;32,5;8,50;24,00
11.07.2017;44788;44818;39,6;9,60;30,00
12.07.2017;44818;44839;26,1;5,10;21,00
13.07.2017;44839;44890;65;14,00;51,00
14.07.2017;44890;44918;34;6,00;28,00
15.07.2017;44918;44953;44,8;9,80;35,00
16.07.2017;44953;45004;58,8;7,80;51,00
17.07.2017;45004;45057;60,1;7,10;53,00
18.07.2017;45057;45097;52,5;12,50;40,00
19.07.2017;45097;45144;57,1;10,10;47,00
20.07.2017;45144;45200;58;2,00;56,00
21.07.2017;45200;45220;22;2,00;20,00
22.07.2017;45220;45258;40;2,00;38,00
23.07.2017;45258;45286;30,3;2,30;28,00
24.07.2017;45286;45303;25,7;8,70;17,00
25.07.2017;45303;45313;14,8;4,80;10,00
26.07.2017;45313;45317;8,7;4,70;4,00
27.07.2017;45317;45334;25,5;8,50;17,00
28.07.2017;45334;45378;53,2;9,20;44,00
29.07.2017;45378;45428;58;8,00;50,00
30.07.2017;45428;45467;48,6;9,60;39,00
31.07.2017;45467;45499;38,3;6,30;32,00
01.08.2017;45499;45542;48,6;5,60;43,00
02.08.2017;45542;45590;51,2;3,20;48,00
03.08.2017;45590;45613;27,7;4,70;23,00
04.08.2017;45613;45643;33,1;3,10;30,00
05.08.2017;45643;45678;40,6;5,60;35,00
06.08.2017;45678;45711;41,5;8,50;33,00
07.08.2017;45711;45768;61,7;4,70;57,00
08.08.2017;45768;45790;25,3;3,30;22,00
09.08.2017;45790;45815;27,5;2,50;25,00
10.08.2017;45815;45816;3,6;2,60;1,00
11.08.2017;45816;45828;14,4;2,40;12,00
12.08.2017;45828;45852;27,1;3,10;24,00
13.08.2017;45852;45897;47,7;2,70;45,00
14.08.2017;45897;45943;51,9;5,90;46,00
15.08.2017;45943;45988;51,8;6,80;45,00
16.08.2017;45988;46029;44,9;3,90;41,00
17.08.2017;46029;46072;48,3;5,30;43,00
18.08.2017;46072;46101;40;11,00;29,00
19.08.2017;46101;46140;42,3;3,30;39,00
20.08.2017;46140;46179;42,1;3,10;39,00
21.08.2017;46179;46228;56;7,00;49,00
22.08.2017;46228;46275;52,3;5,30;47,00
23.08.2017;46275;46325;56,3;6,30;50,00
24.08.2017;46325;46362;47,6;10,60;37,00
25.08.2017;46362;46403;49,8;8,80;41,00
26.08.2017;46403;46448;51,9;6,90;45,00
27.08.2017;46448;46473;31,8;6,80;25,00
28.08.2017;46473;46520;52,4;5,40;47,00
29.08.2017;46520;46570;55;5,00;50,00
30.08.2017;46570;46600;42,6;12,60;30,00
31.08.2017;46600;46603;7,6;4,60;3,00
01.09.2017;46603;46606;7,6;4,60;3,00
02.09.2017;46606;46627;29;8,00;21,00
03.09.2017;46627;46665;40,4;2,40;38,00
04.09.2017;46665;46697;40,5;8,50;32,00
05.09.2017;46697;46734;45,6;8,60;37,00
06.09.2017;46734;46753;24,5;5,50;19,00
07.09.2017;46753;46780;30,4;3,40;27,00
08.09.2017;46780;46803;33,2;10,20;23,00
09.09.2017;46803;46807;6,4;2,40;4,00
10.09.2017;46807;46837;36,5;6,50;30,00
11.09.2017;46837;46865;34,8;6,80;28,00
12.09.2017;46865;46888;30,1;7,10;23,00
13.09.2017;46888;46902;16,3;2,30;14,00
14.09.2017;46902;46912;14,4;4,40;10,00
15.09.2017;46912;46945;44;11,00;33,00
16.09.2017;46945;46960;18,1;3,10;15,00
17.09.2017;46960;46992;43;11,00;32,00
18.09.2017;46992;47015;25,2;2,20;23,00
19.09.2017;47015;47031;19,3;3,30;16,00
20.09.2017;47031;47053;26,3;4,30;22,00
21.09.2017;47053;47096;50,8;7,80;43,00
22.09.2017;47096;47137;49,2;8,20;41,00
23.09.2017;47137;47178;45,9;4,90;41,00
24.09.2017;47178;47207;37,2;8,20;29,00
25.09.2017;47207;47233;32,9;6,90;26,00
26.09.2017;47233;47263;38,8;8,80;30,00
27.09.2017;47263;47298;44,3;9,30;35,00
28.09.2017;47298;47323;31;6,00;25,00
29.09.2017;47323;47341;27,3;9,30;18,00
30.09.2017;47341;47364;28,6;5,60;23,00
01.10.2017;47364;47396;38,6;6,60;32,00
02.10.2017;47396;47406;14;4,00;10,00
03.10.2017;47406;47423;24,7;7,70;17,00
04.10.2017;47423;47443;25,5;5,50;20,00
05.10.2017;47443;47475;42,1;10,10;32,00
06.10.2017;47475;47484;12,9;3,90;9,00
07.10.2017;47484;47512;35,8;7,80;28,00
08.10.2017;47512;47515;8,4;5,40;3,00
09.10.2017;47515;47522;13,4;6,40;7,00
10.10.2017;47522;47526;10,2;6,20;4,00
11.10.2017;47526;47558;40,7;8,70;32,00
12.10.2017;47558;47569;15,3;4,30;11,00
13.10.2017;47569;47601;44;12,00;32,00
14.10.2017;47601;47641;45;5,00;40,00
15.10.2017;47641;47676;44,3;9,30;35,00
16.10.2017;47676;47713;42,3;5,30;37,00
17.10.2017;47713;47744;43,3;12,30;31,00
18.10.2017;47744;47780;41,4;5,40;36,00
19.10.2017;47780;47803;29,4;6,40;23,00
20.10.2017;47803;47816;19,2;6,20;13,00
21.10.2017;47816;47834;22;4,00;18,00
22.10.2017;47834;47849;20,4;5,40;15,00
23.10.2017;47849;47853;7,4;3,40;4,00
24.10.2017;47853;47869;24;8,00;16,00
25.10.2017;47869;47887;28,7;10,70;18,00
26.10.2017;47887;47909;27,3;5,30;22,00
27.10.2017;47909;47917;11,6;3,60;8,00
28.10.2017;47917;47923;10,8;4,80;6,00
29.10.2017;47923;47926;6,2;3,20;3,00
30.10.2017;47926;47935;14,2;5,20;9,00
31.10.2017;47935;47961;35,9;9,90;26,00
01.11.2017;47961;47972;16,8;5,80;11,00
02.11.2017;47972;47980;11,7;3,70;8,00
03.11.2017;47980;47985;10,6;5,60;5,00
04.11.2017;47985;47998;20;7,00;13,00
05.11.2017;47998;47999;2;1,00;1,00
06.11.2017;47999;48000;2,9;1,90;1,00
07.11.2017;48000;48000;1;1,00;0,00
08.11.2017;48000;48000;1,9;1,90;0,00
09.11.2017;48000;48002;3,6;1,60;2,00
10.11.2017;48002;48003;3,7;2,70;1,00
11.11.2017;48003;48003;3,9;3,90;0,00
12.11.2017;48003;48004;3,2;2,20;1,00
13.11.2017;48004;48006;5,7;3,70;2,00
14.11.2017;48006;48013;11,3;4,30;7,00
15.11.2017;48013;48041;31,2;3,20;28,00
16.11.2017;48041;48043;3,3;1,30;2,00
17.11.2017;48043;48044;4,1;3,10;1,00
18.11.2017;48044;48045;4,4;3,40;1,00
19.11.2017;48045;48047;5,4;3,40;2,00
20.11.2017;48047;48049;4,4;2,40;2,00
21.11.2017;48049;48052;5,6;2,60;3,00
22.11.2017;48052;48074;28,5;6,50;22,00
23.11.2017;48074;48081;13,7;6,70;7,00
24.11.2017;48081;48090;15,8;6,80;9,00
25.11.2017;48090;48090;1,4;1,40;0,00
26.11.2017;48090;48093;7;4,00;3,00
27.11.2017;48093;48098;7,7;2,70;5,00
28.11.2017;48098;48099;3;2,00;1,00
29.11.2017;48099;48105;10,3;4,30;6,00
30.11.2017;48105;48105;0;0,00;0,00
01.12.2017;48105;48105;0,3;0,30;0,00
02.12.2017;48105;48105;1;1,00;0,00
03.12.2017;48105;48105;2,6;2,60;0,00
04.12.2017;48105;48105;0,6;0,60;0,00
05.12.2017;48105;48108;5,8;2,80;3,00
06.12.2017;48108;48108;2,8;2,80;0,00
07.12.2017;48108;48127;26,2;7,20;19,00
08.12.2017;48127;48131;9,6;5,60;4,00
09.12.2017;48131;48135;6,8;2,80;4,00
10.12.2017;48135;48135;2,5;2,50;0,00
11.12.2017;48135;48136;2,5;1,50;1,00
12.12.2017;48136;48137;4;3,00;1,00
13.12.2017;48137;48150;19;6,00;13,00
14.12.2017;48150;48164;23,7;9,70;14,00
15.12.2017;48164;48172;12;4,00;8,00
16.12.2017;48172;48172;2;2,00;0,00
17.12.2017;48172;48173;3,6;2,60;1,00
18.12.2017;48173;48173;3;3,00;0,00
19.12.2017;48173;48174;1,6;0,60;1,00
20.12.2017;48174;48174;2,9;2,90;0,00
21.12.2017;48174;48175;3,3;2,30;1,00
22.12.2017;48175;48176;2,4;1,40;1,00
23.12.2017;48176;48176;3,4;3,40;0,00
24.12.2017;48176;48178;4,4;2,40;2,00
25.12.2017;48178;48193;24;9,00;15,00
26.12.2017;48193;48205;16,3;4,30;12,00
27.12.2017;48205;48206;3;2,00;1,00
28.12.2017;48206;48208;0,8;-1,20;2,00
29.12.2017;48208;48208;5,4;5,40;0,00
30.12.2017;48208;48209;3,3;2,30;1,00
31.12.2017;48209;48212;7,3;4,30;3,00
